1           0.0877183
2           0.4141942
3           0.01828098
4           -0.3572426
5           0.1346398
6           -0.4626951
7           -0.2176351
8           -0.1850021
9           0.01308226
10           -0.09675918
11           -0.1960739
12           0.02874463
13           -0.0421802
14           0.08021914
15           -0.3148929
16           -0.139752
17           0.3044669
18           -0.1919119
19           -0.5162831
20           0.1077245
21           -0.01881485
22           -0.126183
23           0.1299696
24           0.1814814
25           0.147724
26           -0.2781102
27           0.3364889
28           0.02343107
29           -0.02411311
30           -0.3102065
31           -0.2448356
32           0.3674919
33           -0.03493397
34           -0.03349645
35           0.06949995
36           -0.1820698
37           -0.2134919
38           0.364569
39           0.5271888
40           0.2394386
41           0.05024398
42           -0.1989455
43           -0.01021441
44           -0.04792516
45           0.1881694
46           -0.01916755
47           -0.1902988
48           -0.1738313
49           -0.1526538
50           -0.2245787
51           0.2187954
52           -0.2308848
53           -0.01285212
54           -0.761231
55           -0.2755264
56           0.2999623
57           0.2736161
58           -0.1728111
59           0.1510109
60           0.3030139
61           -0.2344708
62           -0.1070915
63           0.1190747
64           -0.3433698
65           -0.1143269
66           -0.4783097
67           0.1563561
68           0.2296698
69           -0.1302767
70           0.02863008
71           0.234677
72           -0.06120997
73           0.08969033
74           0.03719113
75           0.1262575
76           0.1624387
77           -0.158158
78           -0.2457641
79           0.173132
80           0.2769822
81           -0.2042059
82           0.2928101
83           0.06356663
84           0.09116729
85           0.09636914
86           0.1334608
87           0.4091138
88           -0.169962
89           0.3147976
90           -0.3799252
91           0.3161413
92           -0.03497561
93           -0.1609314
94           -0.01779538
95           0.1455072
96           -0.4184027
97           -0.2992823
98           -0.221223
99           0.2541569
100           -0.1810201
101           0.03037963
102           0.05643358
103           0.1124737
104           0.1963983
105           0.1350024
106           0.3162585
107           -0.2090986
108           -0.1560213
109           0.5924473
110           -0.2170064
111           0.2102976
112           0.3333325
113           -0.4446715
114           -0.3299365
115           -0.2521211
116           0.06865711
117           0.2593021
118           0.5343726
119           0.3956735
120           0.45673
121           -0.07181159
122           0.4146393
123           -0.1379853
124           -0.02312066
125           -0.1288809
126           0.24693
127           0.4117672
128           0.06554282
129           0.5643583
130           0.2512507
131           0.03839887
132           0.2884109
133           0.3118723
134           0.5828287
135           -0.03824083
136           0.4662284
137           0.4787608
138           -0.05814056
139           0.0452412
140           0.5239882
141           0.6907218
142           0.6356343
143           0.526212
144           0.6892841
145           0.5936791
146           0.1865342
147           0.453298
148           0.733534
149           0.367276
150           0.7798596
151           0.02437186
152           0.5497431
153           0.5858533
154           0.6450691
155           0.819043
156           0.3607884
157           0.8208087
158           0.664386
159           0.3192858
160           0.8516615
161           -0.02208354
162           0.702347
163           0.7119825
164           1.119748
165           0.5636029
166           0.9500863
167           0.7672542
168           0.3367655
169           0.6736821
170           0.7781658
171           0.7861142
172           0.6156504
173           0.6984611
174           0.3916233
175           0.6114089
176           0.9772818
177           0.5378632
178           0.9810558
179           1.095697
180           0.3094947
181           0.7204086
182           1.063478
183           1.419326
184           1.212957
185           0.8197252
186           1.106321
187           1.454473
188           1.027498
189           0.9623938
190           0.9295798
191           1.165002
192           1.131917
193           1.020881
194           1.177835
195           1.04036
196           1.21338
197           1.28483
198           0.9577204
199           1.153936
200           1.19556
201           0.4062579
202           0.9337112
203           1.241587
204           1.125367
205           1.208828
206           1.176163
207           0.5922817
208           0.9061899
209           0.9595178
210           0.6550721
211           0.9474323
212           0.5755008
213           1.492299
214           0.8742524
215           1.19886
216           1.018563
217           0.9802611
218           0.5381268
219           0.6826552
220           0.6125025
221           0.7492405
222           0.9463976
223           0.660556
224           0.4944519
225           0.5255028
226           1.9479
227           0.7834621
228           0.7478226
229           0.7131764
230           0.7784355
231           0.9306054
232           0.9998785
233           1.093762
234           0.3842008
235           1.218097
236           0.5248847
237           0.9421902
238           0.8779324
239           0.5704883
240           0.9462999
241           0.3527488
242           1.068233
243           0.649966
244           0.6318328
245           0.5688918
246           0.4478118
247           0.3352211
248           0.2751643
249           0.3106887
250           0.7034952
251           0.3455297
252           0.3580357
253           0.2934623
254           0.3038374
255           0.4026788
256           0.3864178
257           0.13159
258           -0.1425326
259           0.1249879
260           0.5946497
261           0.221082
262           -0.06377424
263           0.4469021
264           0.8111037
265           0.3946697
266           0.2569889
267           -0.04191079
268           0.37933
269           -0.05664559
270           0.3154396
271           0.1556879
272           -0.1717483
273           -0.2135536
274           0.3661044
275           0.4035829
276           0.1851701
277           0.06403985
278           0.04205824
279           0.5922757
280           0.6257263
281           0.5056928
282           -0.09195148
283           0.2931796